canvas 0 0 800 800
shape rect0 rectangle
motion rect0 0 100 400 20 80 160 255 50 1 100 400 20 80 160 255 50
shape rect1 rectangle
motion rect1 0 200 400 20 60 160 255 50 1 200 400 20 60 160 255 50
shape rect2 rectangle
motion rect2 0 300 400 20 20 160 255 50 1 300 400 20 20 160 255 50
shape rect3 rectangle
motion rect3 0 400 400 20 100 160 255 50 1 400 400 20 100 160 255 50
shape rect4 rectangle
motion rect4 0 500 400 20 40 160 255 50 1 500 400 20 40 160 255 50
motion rect0 1 100 400  20 80 160 255 50 11 200 400 20 80 160 255 50
motion rect1 1 200 400 20 60 160 255 50 11 100 400 20 60 160 255 50
motion rect0 11 200 400  20 80 160 255 50 21 300 400 20 80 160 255 50
motion rect2 11 300 400 20 20 160 255 50 21 200 400 20 20 160 255 50
motion rect1 21 100 400  20 60 160 255 50 31 200 400 20 60 160 255 50
motion rect2 21 200 400 20 20 160 255 50 31 100 400 20 20 160 255 50
motion rect3 31 400 400  20 100 160 255 50 41 500 400 20 100 160 255 50
motion rect4 31 500 400 20 40 160 255 50 41 400 400 20 40 160 255 50
motion rect0 41 300 400  20 80 160 255 50 51 400 400 20 80 160 255 50
motion rect4 41 400 400 20 40 160 255 50 51 300 400 20 40 160 255 50
motion rect1 51 200 400  20 60 160 255 50 61 300 400 20 60 160 255 50
motion rect4 51 300 400 20 40 160 255 50 61 200 400 20 40 160 255 50
