canvas 0 0 800 800

shape background rectangle
shape ground rectangle
shape building rectangle 
shape moon ellipse 
shape sun ellipse
shape door rectangle
shape handle ellipse

motion background 1 0 0 800 800 0 0 160 1 0 0 800 800 0 0 160
motion background 2 0 0 800 800 0 0 160 150 0 0 800 800 0 167 255
motion ground 1 0 799 800 20 0 53 0 1 0 799 800 20 0 53 0
motion ground 2 0 799 800 20 0 53 0 150 0 799 800 20 36 169 3

motion moon 1 500 100 100 100 170 167 174 1 500 100 100 100 170 167 174
motion moon 2 500 100 100 100 170 167 174 50 700 400 100 100 170 167 174
motion moon 51 700 400 100 100 170 167 174 52 -1000 -1000 1 1 255 255 255

motion sun 1 -10000 -1000 100 100 255 255 0 49 0 400 100 100 255 255 0
motion sun 50 0 400 100 100 255 255 0 150 500 100 100 100 255 255 0

motion building 1 400 600 200 200 136 0 0 1 400 600 200 200 136 0 0
motion building 2 400 600 200 200 136 0 0 150 400 600 200 200 232 0 0

motion door 1 500 700 50 100 71 18 0 1 500 700 50 100 71 18 0
motion door 2 500 700 50 100 71 18 0 150 500 700 50 100 102 32 0

motion handle 1 535 750 10 10 194 124 0 1 535 750 10 10 194 124 0
motion handle 2 535 750 10 10 194 124 0 150 535 750 10 10 224 153 0  


